
82 27 76
0 0.01 0.01 0.01 0.01 0.01 0.01 0.01 0.01 0 0 0 0 0 0 0 0 8.58333e-15 7.35387e-15 0 0 7.23925e-16 0 8.58333e-15 7.35387e-15 0 0 7.23925e-16 1 0 0 0 0 0 0  
0.0327172 0.0199915 0.0138414 -0.00218874 -0.021465 0.0178603 -0.0227172 0.0124067 0.0204313 0 0 0 0 0 0 0 0 8.58333e-15 7.35387e-15 0 0 7.23925e-16 0 8.58333e-15 7.35387e-15 0 0 7.23925e-16 1 0 0 0 0 0 0  
0.0654344 0.0299829 0.0176828 -0.0143775 -0.05293 0.0257206 -0.0554344 0.0148134 0.0308626 0 0 0 0 0 0 0 0 8.58333e-15 7.35387e-15 0 0 7.23925e-16 0 8.58333e-15 7.35387e-15 0 0 7.23925e-16 1 0 0 0 0 0 0  
0.0981516 0.0399744 0.0215242 -0.0265662 -0.084395 0.0335809 -0.0881516 0.0172201 0.0412939 0 0 0 0 0 0 0 0 8.58333e-15 7.35387e-15 0 0 7.23925e-16 0 8.58333e-15 7.35387e-15 0 0 7.23925e-16 1 0 0 0 0 0 0  
0.13972 0.0450575 0.010464 -0.037802 -0.0943824 0.0496263 -0.12972 0.01155 0.0517004 0 0 0 0 0 0 0 0 8.58333e-15 7.35387e-15 0 0 7.23925e-16 0 8.58333e-15 7.35387e-15 0 0 7.23925e-16 1 0 0 0 0 0 0  
0.181289 0.0501407 -0.000596074 -0.0490377 -0.10437 0.0656717 -0.171289 0.00587993 0.0621068 0 0 0 0 0 0 0 0 8.58333e-15 7.35387e-15 0 0 7.23925e-16 0 8.58333e-15 7.35387e-15 0 0 7.23925e-16 1 0 0 0 0 0 0  
0.222857 0.0552238 -0.0116562 -0.0602735 -0.114357 0.0817171 -0.212857 0.000209859 0.0725133 0 0 0 0 0 0 0 0 8.58333e-15 7.35387e-15 0 0 7.23925e-16 0 8.58333e-15 7.35387e-15 0 0 7.23925e-16 1 0 0 0 0 0 0  
0.264426 0.0603069 -0.0227163 -0.0715092 -0.124345 0.0977625 -0.254426 -0.00546022 0.0829198 0 0 0 0 0 0 0 0 8.58333e-15 7.35387e-15 0 0 7.23925e-16 0 8.58333e-15 7.35387e-15 0 0 7.23925e-16 1 0 0 0 0 0 0  
0.305994 0.0653901 -0.0337764 -0.082745 -0.134332 0.113808 -0.295994 -0.0111303 0.0933262 0 0 0 0 0 0 0 0 8.58333e-15 7.35387e-15 0 0 7.23925e-16 0 8.58333e-15 7.35387e-15 0 0 7.23925e-16 1 0 0 0 0 0 0  
0.347563 0.0704732 -0.0448365 -0.0939807 -0.144319 0.129853 -0.337563 -0.0168004 0.103733 0 0 0 0 0 0 0 0 8.58333e-15 7.35387e-15 0 0 7.23925e-16 0 8.58333e-15 7.35387e-15 0 0 7.23925e-16 1 0 0 0 0 0 0  
0.389132 0.0755564 -0.0558967 -0.105216 -0.154307 0.145899 -0.379132 -0.0224704 0.114139 0 0 0 0 0 0 0 0 8.58333e-15 7.35387e-15 0 0 7.23925e-16 0 8.58333e-15 7.35387e-15 0 0 7.23925e-16 1 0 0 0 0 0 0  
0.4307 0.0806395 -0.0669568 -0.116452 -0.164294 0.161944 -0.4207 -0.0281405 0.124546 0 0 0 0 0 0 0 0 8.58333e-15 7.35387e-15 0 0 7.23925e-16 0 8.58333e-15 7.35387e-15 0 0 7.23925e-16 1 0 0 0 0 0 0  
0.472269 0.0857226 -0.0780169 -0.127688 -0.174282 0.177989 -0.462269 -0.0338106 0.134952 0 0 0 0 0 0 0 0 8.58333e-15 7.35387e-15 0 0 7.23925e-16 0 8.58333e-15 7.35387e-15 0 0 7.23925e-16 1 0 0 0 0 0 0  
0.513837 0.0908058 -0.089077 -0.138924 -0.184269 0.194035 -0.503837 -0.0394807 0.145359 0 0 0 0 0 0 0 0 8.58333e-15 7.35387e-15 0 0 7.23925e-16 0 8.58333e-15 7.35387e-15 0 0 7.23925e-16 1 0 0 0 0 0 0  
0.555406 0.0958889 -0.100137 -0.150159 -0.194256 0.21008 -0.545406 -0.0451507 0.155765 0 0 0 0 0 0 0 0 8.58333e-15 7.35387e-15 0 0 7.23925e-16 0 8.58333e-15 7.35387e-15 0 0 7.23925e-16 1 0 0 0 0 0 0  
0.596974 0.100972 -0.111197 -0.161395 -0.204244 0.226126 -0.586974 -0.0508208 0.166172 0 0 0 0 0 0 0 0 8.58333e-15 7.35387e-15 0 0 7.23925e-16 0 8.58333e-15 7.35387e-15 0 0 7.23925e-16 1 0 0 0 0 0 0  
0.638543 0.106055 -0.122257 -0.172631 -0.214231 0.242171 -0.628543 -0.0564909 0.176578 0 0 0 0 0 0 0 0 8.58333e-15 7.35387e-15 0 0 7.23925e-16 0 8.58333e-15 7.35387e-15 0 0 7.23925e-16 1 0 0 0 0 0 0  
0.680112 0.111138 -0.133317 -0.183867 -0.224219 0.258216 -0.670112 -0.062161 0.186984 0 0 0 0 0 0 0 0 8.58333e-15 7.35387e-15 0 0 7.23925e-16 0 8.58333e-15 7.35387e-15 0 0 7.23925e-16 1 0 0 0 0 0 0  
0.72168 0.116221 -0.144378 -0.195102 -0.234206 0.274262 -0.71168 -0.067831 0.197391 0 0 0 0 0 0 0 0 8.58333e-15 7.35387e-15 0 0 7.23925e-16 0 8.58333e-15 7.35387e-15 0 0 7.23925e-16 1 0 0 0 0 0 0  
0.763249 0.121305 -0.155438 -0.206338 -0.244193 0.290307 -0.753249 -0.0735011 0.207797 0 0 0 0 0 0 0 0 8.58333e-15 7.35387e-15 0 0 7.23925e-16 0 8.58333e-15 7.35387e-15 0 0 7.23925e-16 1 0 0 0 0 0 0  
0.804817 0.126388 -0.166498 -0.217574 -0.254181 0.306353 -0.794817 -0.0791712 0.218204 0 0 0 0 0 0 0 0 8.58333e-15 7.35387e-15 0 0 7.23925e-16 0 8.58333e-15 7.35387e-15 0 0 7.23925e-16 1 0 0 0 0 0 0  
0.846386 0.131471 -0.177558 -0.22881 -0.264168 0.322398 -0.836386 -0.0848413 0.22861 0 0 0 0 0 0 0 0 8.58333e-15 7.35387e-15 0 0 7.23925e-16 0 8.58333e-15 7.35387e-15 0 0 7.23925e-16 1 0 0 0 0 0 0  
0.887954 0.136554 -0.188618 -0.240045 -0.274156 0.338443 -0.877954 -0.0905113 0.239017 0 0 0 0 0 0 0 0 8.58333e-15 7.35387e-15 0 0 7.23925e-16 0 8.58333e-15 7.35387e-15 0 0 7.23925e-16 1 0 0 0 0 0 0  
0.929523 0.141637 -0.199678 -0.251281 -0.284143 0.354489 -0.919523 -0.0961814 0.249423 0 0 0 0 0 0 0 0 8.58333e-15 7.35387e-15 0 0 7.23925e-16 0 8.58333e-15 7.35387e-15 0 0 7.23925e-16 1 0 0 0 0 0 0  
0.971092 0.14672 -0.210738 -0.262517 -0.294131 0.370534 -0.961092 -0.101851 0.25983 0 0 0 0 0 0 0 0 8.58333e-15 7.35387e-15 0 0 7.23925e-16 0 8.58333e-15 7.35387e-15 0 0 7.23925e-16 1 0 0 0 0 0 0  
1.01089 0.151587 -0.221327 -0.273274 -0.303693 0.385896 -1.00089 -0.10728 0.269793 0 0 0 0 0 0 0 0 8.58333e-15 7.35387e-15 0 0 7.23925e-16 0 8.58333e-15 7.35387e-15 0 0 7.23925e-16 1 0 0 0 0 0 0  
1.04804 0.150995 -0.241967 -0.280449 -0.292387 0.404324 -1.03804 -0.118236 0.277173 0 0 0 0 0 0 0 0 8.58333e-15 7.35387e-15 0 0 7.23925e-16 0 8.58333e-15 7.35387e-15 0 0 7.23925e-16 1 0 0 0 0 0 0  
1.08519 0.150403 -0.262606 -0.287623 -0.281081 0.422752 -1.07519 -0.129192 0.284554 0 0 0 0 0 0 0 0 8.58333e-15 7.35387e-15 0 0 7.23925e-16 0 8.58333e-15 7.35387e-15 0 0 7.23925e-16 1 0 0 0 0 0 0  
1.12235 0.149812 -0.283245 -0.294798 -0.269775 0.44118 -1.11235 -0.140147 0.291934 0 0 0 0 0 0 0 0 8.58333e-15 7.35387e-15 0 0 7.23925e-16 0 8.58333e-15 7.35387e-15 0 0 7.23925e-16 1 0 0 0 0 0 0  
1.1595 0.14922 -0.303884 -0.301972 -0.258469 0.459608 -1.1495 -0.151103 0.299314 0 0 0 0 0 0 0 0 8.58333e-15 7.35387e-15 0 0 7.23925e-16 0 8.58333e-15 7.35387e-15 0 0 7.23925e-16 1 0 0 0 0 0 0  
1.19665 0.148628 -0.324523 -0.309147 -0.247163 0.478036 -1.18665 -0.162059 0.306694 0 0 0 0 0 0 0 0 8.58333e-15 7.35387e-15 0 0 7.23925e-16 0 8.58333e-15 7.35387e-15 0 0 7.23925e-16 1 0 0 0 0 0 0  
1.2338 0.148036 -0.345162 -0.316321 -0.235857 0.496464 -1.2238 -0.173015 0.314075 0 0 0 0 0 0 0 0 8.58333e-15 7.35387e-15 0 0 7.23925e-16 0 8.58333e-15 7.35387e-15 0 0 7.23925e-16 1 0 0 0 0 0 0  
1.27096 0.147444 -0.365801 -0.323496 -0.224551 0.514892 -1.26096 -0.18397 0.321455 0 0 0 0 0 0 0 0 8.58333e-15 7.35387e-15 0 0 7.23925e-16 0 8.58333e-15 7.35387e-15 0 0 7.23925e-16 1 0 0 0 0 0 0  
1.30811 0.146853 -0.386441 -0.33067 -0.213245 0.53332 -1.29811 -0.194926 0.328835 0 0 0 0 0 0 0 0 8.58333e-15 7.35387e-15 0 0 7.23925e-16 0 8.58333e-15 7.35387e-15 0 0 7.23925e-16 1 0 0 0 0 0 0  
1.34526 0.146261 -0.40708 -0.337845 -0.201939 0.551748 -1.33526 -0.205882 0.336215 0 0 0 0 0 0 0 0 8.58333e-15 7.35387e-15 0 0 7.23925e-16 0 8.58333e-15 7.35387e-15 0 0 7.23925e-16 1 0 0 0 0 0 0  
1.38241 0.145669 -0.427719 -0.345019 -0.190634 0.570176 -1.37241 -0.216838 0.343596 0 0 0 0 0 0 0 0 8.58333e-15 7.35387e-15 0 0 7.23925e-16 0 8.58333e-15 7.35387e-15 0 0 7.23925e-16 1 0 0 0 0 0 0  
1.41956 0.145077 -0.448358 -0.352194 -0.179328 0.588604 -1.40956 -0.227793 0.350976 0 0 0 0 0 0 0 0 8.58333e-15 7.35387e-15 0 0 7.23925e-16 0 8.58333e-15 7.35387e-15 0 0 7.23925e-16 1 0 0 0 0 0 0  
1.45672 0.144485 -0.468997 -0.359368 -0.168022 0.607032 -1.44672 -0.238749 0.358356 0 0 0 0 0 0 0 0 8.58333e-15 7.35387e-15 0 0 7.23925e-16 0 8.58333e-15 7.35387e-15 0 0 7.23925e-16 1 0 0 0 0 0 0  
1.49387 0.143894 -0.489636 -0.366543 -0.156716 0.62546 -1.48387 -0.249705 0.365736 0 0 0 0 0 0 0 0 8.58333e-15 7.35387e-15 0 0 7.23925e-16 0 8.58333e-15 7.35387e-15 0 0 7.23925e-16 1 0 0 0 0 0 0  
1.53102 0.143302 -0.510276 -0.373717 -0.14541 0.643888 -1.52102 -0.260661 0.373117 0 0 0 0 0 0 0 0 8.58333e-15 7.35387e-15 0 0 7.23925e-16 0 8.58333e-15 7.35387e-15 0 0 7.23925e-16 1 0 0 0 0 0 0  
1.56817 0.14271 -0.530915 -0.380892 -0.134104 0.662316 -1.55817 -0.271616 0.380497 0 0 0 0 0 0 0 0 8.58333e-15 7.35387e-15 0 0 7.23925e-16 0 8.58333e-15 7.35387e-15 0 0 7.23925e-16 1 0 0 0 0 0 0  
1.60533 0.142118 -0.551554 -0.388066 -0.122798 0.680744 -1.59533 -0.282572 0.387877 0 0 0 0 0 0 0 0 8.58333e-15 7.35387e-15 0 0 7.23925e-16 0 8.58333e-15 7.35387e-15 0 0 7.23925e-16 1 0 0 0 0 0 0  
1.64248 0.141526 -0.572193 -0.395241 -0.111492 0.699172 -1.63248 -0.293528 0.395257 0 0 0 0 0 0 0 0 8.58333e-15 7.35387e-15 0 0 7.23925e-16 0 8.58333e-15 7.35387e-15 0 0 7.23925e-16 1 0 0 0 0 0 0  
1.67963 0.140935 -0.592832 -0.402415 -0.100186 0.7176 -1.66963 -0.304484 0.402638 0 0 0 0 0 0 0 0 8.58333e-15 7.35387e-15 0 0 7.23925e-16 0 8.58333e-15 7.35387e-15 0 0 7.23925e-16 1 0 0 0 0 0 0  
1.71678 0.140343 -0.613471 -0.40959 -0.0888806 0.736027 -1.70678 -0.315439 0.410018 0 0 0 0 0 0 0 0 8.58333e-15 7.35387e-15 0 0 7.23925e-16 0 8.58333e-15 7.35387e-15 0 0 7.23925e-16 1 0 0 0 0 0 0  
1.75394 0.139751 -0.63411 -0.416764 -0.0775747 0.754455 -1.74394 -0.326395 0.417398 0 0 0 0 0 0 0 0 8.58333e-15 7.35387e-15 0 0 7.23925e-16 0 8.58333e-15 7.35387e-15 0 0 7.23925e-16 1 0 0 0 0 0 0  
1.79109 0.139159 -0.65475 -0.423939 -0.0662688 0.772883 -1.78109 -0.337351 0.424778 0 0 0 0 0 0 0 0 8.58333e-15 7.35387e-15 0 0 7.23925e-16 0 8.58333e-15 7.35387e-15 0 0 7.23925e-16 1 0 0 0 0 0 0  
1.82824 0.138568 -0.675389 -0.431113 -0.0549629 0.791311 -1.81824 -0.348307 0.432159 0 0 0 0 0 0 0 0 8.58333e-15 7.35387e-15 0 0 7.23925e-16 0 8.58333e-15 7.35387e-15 0 0 7.23925e-16 1 0 0 0 0 0 0  
1.86539 0.137976 -0.696028 -0.438288 -0.043657 0.809739 -1.85539 -0.359262 0.439539 0 0 0 0 0 0 0 0 8.58333e-15 7.35387e-15 0 0 7.23925e-16 0 8.58333e-15 7.35387e-15 0 0 7.23925e-16 1 0 0 0 0 0 0  
1.90254 0.137384 -0.716667 -0.445462 -0.0323511 0.828167 -1.89254 -0.370218 0.446919 0 0 0 0 0 0 0 0 8.58333e-15 7.35387e-15 0 0 7.23925e-16 0 8.58333e-15 7.35387e-15 0 0 7.23925e-16 1 0 0 0 0 0 0  
1.9397 0.136792 -0.737306 -0.452637 -0.0210452 0.846595 -1.9297 -0.381174 0.454299 0 0 0 0 0 0 0 0 8.58333e-15 7.35387e-15 0 0 7.23925e-16 0 8.58333e-15 7.35387e-15 0 0 7.23925e-16 1 0 0 0 0 0 0  
1.97685 0.1362 -0.757945 -0.459811 -0.00973932 0.865023 -1.96685 -0.39213 0.46168 0 0 0 0 0 0 0 0 8.58333e-15 7.35387e-15 0 0 7.23925e-16 0 8.58333e-15 7.35387e-15 0 0 7.23925e-16 1 0 0 0 0 0 0  
2.014 0.135609 -0.778585 -0.466986 0.00156657 0.883451 -2.004 -0.403085 0.46906 0 0 0 0 0 0 0 0 8.58333e-15 7.35387e-15 0 0 7.23925e-16 0 8.58333e-15 7.35387e-15 0 0 7.23925e-16 1 0 0 0 0 0 0  
2.05115 0.135017 -0.799224 -0.47416 0.0128725 0.901879 -2.04115 -0.414041 0.47644 0 0 0 0 0 0 0 0 8.58333e-15 7.35387e-15 0 0 7.23925e-16 0 8.58333e-15 7.35387e-15 0 0 7.23925e-16 1 0 0 0 0 0 0  
2.08831 0.134425 -0.819863 -0.481335 0.0241784 0.920307 -2.07831 -0.424997 0.48382 0 0 0 0 0 0 0 0 8.58333e-15 7.35387e-15 0 0 7.23925e-16 0 8.58333e-15 7.35387e-15 0 0 7.23925e-16 1 0 0 0 0 0 0  
2.12546 0.133833 -0.840502 -0.488509 0.0354842 0.938735 -2.11546 -0.435953 0.491201 0 0 0 0 0 0 0 0 8.58333e-15 7.35387e-15 0 0 7.23925e-16 0 8.58333e-15 7.35387e-15 0 0 7.23925e-16 1 0 0 0 0 0 0  
2.16261 0.133241 -0.861141 -0.495684 0.0467901 0.957163 -2.15261 -0.446908 0.498581 0 0 0 0 0 0 0 0 8.58333e-15 7.35387e-15 0 0 7.23925e-16 0 8.58333e-15 7.35387e-15 0 0 7.23925e-16 1 0 0 0 0 0 0  
2.18987 0.128407 -0.8855 -0.498491 0.072424 0.974187 -2.17987 -0.459993 0.50235 0 0 0 0 0 0 0 0 8.58333e-15 7.35387e-15 0 0 7.23925e-16 0 8.58333e-15 7.35387e-15 0 0 7.23925e-16 1 0 0 0 0 0 0  
2.21713 0.123572 -0.90986 -0.501297 0.0980579 0.99121 -2.20713 -0.473077 0.506119 0 0 0 0 0 0 0 0 8.58333e-15 7.35387e-15 0 0 7.23925e-16 0 8.58333e-15 7.35387e-15 0 0 7.23925e-16 1 0 0 0 0 0 0  
2.24439 0.118737 -0.934219 -0.504104 0.123692 1.00823 -2.23439 -0.486161 0.509888 0 0 0 0 0 0 0 0 8.58333e-15 7.35387e-15 0 0 7.23925e-16 0 8.58333e-15 7.35387e-15 0 0 7.23925e-16 1 0 0 0 0 0 0  
2.27165 0.113903 -0.958578 -0.506911 0.149326 1.02526 -2.26165 -0.499246 0.513657 0 0 0 0 0 0 0 0 8.58333e-15 7.35387e-15 0 0 7.23925e-16 0 8.58333e-15 7.35387e-15 0 0 7.23925e-16 1 0 0 0 0 0 0  
2.29891 0.109068 -0.982938 -0.509717 0.174959 1.04228 -2.28891 -0.51233 0.517426 0 0 0 0 0 0 0 0 8.58333e-15 7.35387e-15 0 0 7.23925e-16 0 8.58333e-15 7.35387e-15 0 0 7.23925e-16 1 0 0 0 0 0 0  
2.32617 0.104233 -1.0073 -0.512524 0.200593 1.0593 -2.31617 -0.525414 0.521195 0 0 0 0 0 0 0 0 8.58333e-15 7.35387e-15 0 0 7.23925e-16 0 8.58333e-15 7.35387e-15 0 0 7.23925e-16 1 0 0 0 0 0 0  
2.35343 0.0993986 -1.03166 -0.51533 0.226227 1.07633 -2.34343 -0.538499 0.524965 0 0 0 0 0 0 0 0 8.58333e-15 7.35387e-15 0 0 7.23925e-16 0 8.58333e-15 7.35387e-15 0 0 7.23925e-16 1 0 0 0 0 0 0  
2.38068 0.0945639 -1.05602 -0.518137 0.251861 1.09335 -2.37068 -0.551583 0.528734 0 0 0 0 0 0 0 0 8.58333e-15 7.35387e-15 0 0 7.23925e-16 0 8.58333e-15 7.35387e-15 0 0 7.23925e-16 1 0 0 0 0 0 0  
2.40794 0.0897293 -1.08037 -0.520944 0.277495 1.11038 -2.39794 -0.564668 0.532503 0 0 0 0 0 0 0 0 8.58333e-15 7.35387e-15 0 0 7.23925e-16 0 8.58333e-15 7.35387e-15 0 0 7.23925e-16 1 0 0 0 0 0 0  
2.4352 0.0848946 -1.10473 -0.52375 0.303129 1.1274 -2.4252 -0.577752 0.536272 0 0 0 0 0 0 0 0 8.58333e-15 7.35387e-15 0 0 7.23925e-16 0 8.58333e-15 7.35387e-15 0 0 7.23925e-16 1 0 0 0 0 0 0  
2.46246 0.0800599 -1.12909 -0.526557 0.328763 1.14442 -2.45246 -0.590836 0.540041 0 0 0 0 0 0 0 0 8.58333e-15 7.35387e-15 0 0 7.23925e-16 0 8.58333e-15 7.35387e-15 0 0 7.23925e-16 1 0 0 0 0 0 0  
2.48972 0.0752252 -1.15345 -0.529364 0.354397 1.16145 -2.47972 -0.603921 0.54381 0 0 0 0 0 0 0 0 8.58333e-15 7.35387e-15 0 0 7.23925e-16 0 8.58333e-15 7.35387e-15 0 0 7.23925e-16 1 0 0 0 0 0 0  
2.51698 0.0703905 -1.17781 -0.53217 0.38003 1.17847 -2.50698 -0.617005 0.547579 0 0 0 0 0 0 0 0 8.58333e-15 7.35387e-15 0 0 7.23925e-16 0 8.58333e-15 7.35387e-15 0 0 7.23925e-16 1 0 0 0 0 0 0  
2.54424 0.0655558 -1.20217 -0.534977 0.405664 1.19549 -2.53424 -0.630089 0.551348 0 0 0 0 0 0 0 0 8.58333e-15 7.35387e-15 0 0 7.23925e-16 0 8.58333e-15 7.35387e-15 0 0 7.23925e-16 1 0 0 0 0 0 0  
2.5715 0.0607212 -1.22653 -0.537784 0.431298 1.21252 -2.5615 -0.643174 0.555117 0 0 0 0 0 0 0 0 8.58333e-15 7.35387e-15 0 0 7.23925e-16 0 8.58333e-15 7.35387e-15 0 0 7.23925e-16 1 0 0 0 0 0 0  
2.59876 0.0558865 -1.25089 -0.54059 0.456932 1.22954 -2.58876 -0.656258 0.558886 0 0 0 0 0 0 0 0 8.58333e-15 7.35387e-15 0 0 7.23925e-16 0 8.58333e-15 7.35387e-15 0 0 7.23925e-16 1 0 0 0 0 0 0  
2.62602 0.0510518 -1.27525 -0.543397 0.482566 1.24656 -2.61602 -0.669342 0.562656 0 0 0 0 0 0 0 0 8.58333e-15 7.35387e-15 0 0 7.23925e-16 0 8.58333e-15 7.35387e-15 0 0 7.23925e-16 1 0 0 0 0 0 0  
2.65328 0.0462171 -1.29961 -0.546204 0.5082 1.26359 -2.64328 -0.682427 0.566425 0 0 0 0 0 0 0 0 8.58333e-15 7.35387e-15 0 0 7.23925e-16 0 8.58333e-15 7.35387e-15 0 0 7.23925e-16 1 0 0 0 0 0 0  
2.68054 0.0413824 -1.32397 -0.54901 0.533834 1.28061 -2.67054 -0.695511 0.570194 0 0 0 0 0 0 0 0 8.58333e-15 7.35387e-15 0 0 7.23925e-16 0 8.58333e-15 7.35387e-15 0 0 7.23925e-16 1 0 0 0 0 0 0  
2.7078 0.0365477 -1.34833 -0.551817 0.559468 1.29764 -2.6978 -0.708595 0.573963 0 0 0 0 0 0 0 0 8.58333e-15 7.35387e-15 0 0 7.23925e-16 0 8.58333e-15 7.35387e-15 0 0 7.23925e-16 1 0 0 0 0 0 0  
2.73506 0.031713 -1.37269 -0.554624 0.585101 1.31466 -2.72506 -0.72168 0.577732 0 0 0 0 0 0 0 0 8.58333e-15 7.35387e-15 0 0 7.23925e-16 0 8.58333e-15 7.35387e-15 0 0 7.23925e-16 1 0 0 0 0 0 0  
2.76231 0.0268784 -1.39705 -0.55743 0.610735 1.33168 -2.75231 -0.734764 0.581501 0 0 0 0 0 0 0 0 8.58333e-15 7.35387e-15 0 0 7.23925e-16 0 8.58333e-15 7.35387e-15 0 0 7.23925e-16 1 0 0 0 0 0 0  
2.78957 0.0220437 -1.4214 -0.560237 0.636369 1.34871 -2.77957 -0.747849 0.58527 0 0 0 0 0 0 0 0 8.58333e-15 7.35387e-15 0 0 7.23925e-16 0 8.58333e-15 7.35387e-15 0 0 7.23925e-16 1 0 0 0 0 0 0  
2.79946 0.0202901 -1.43024 -0.561255 0.645667 1.35488 -2.78946 -0.752594 0.586637 0 0 0 0 0 0 0 0 8.58333e-15 7.35387e-15 0 0 7.23925e-16 0 8.58333e-15 7.35387e-15 0 0 7.23925e-16 1 0 0 0 0 0 0  
2.84015 0.01 -1.4521 -0.555628 0.686354 1.36336 -2.79005 -0.764557 0.582909 0 0 0 0 0 0 0 0 8.58333e-15 7.35387e-15 0 0 7.23925e-16 0 8.58333e-15 7.35387e-15 0 0 7.23925e-16 1 0 0 0 0 0 0  
